"waldStat" "df" "pvalue" "waldStat_1" "df_1" "pvalue_1" "meanLogFC"
"KRT2" NA NA NA NA NA NA 1.60456563371693
"CALML5" NA NA NA NA NA NA 1.06711669208903
"S100A7" NA NA NA NA NA NA 1.75164352876985
"KRT6B" NA NA NA NA NA NA 0.762343598414356
"SBSN" 3253.06429848164 6 0 3253.06429848164 6 0 1.98618648053905
"HOPX" NA NA NA NA NA NA 1.65757351453529
"KRT15" NA NA NA NA NA NA 2.41329214104401
"KRT6C" 506.341796466288 6 0 506.341796466288 6 0 2.1243694215741
"IGFBP3" NA NA NA NA NA NA 12.2729098640544
"VIM" 0 6 1 0 6 1 1.11116273635899
"S100A8" 77.0612057596274 6 1.4432899320127e-14 77.0612057596274 6 1.4432899320127e-14 1.45742941263682
"S100A9" NA NA NA NA NA NA 1.21705190703788
"SPINK5" 137.995405101133 6 0 137.995405101133 6 0 0.656628940219506
"KRT16" NA NA NA NA NA NA 2.6692494995066
"KRT17" 0 6 1 0 6 1 0.413568989178712
"KRTDAP" NA NA NA NA NA NA 2.76765047413984
"FABP5" 1452.95664345779 6 0 1452.95664345779 6 0 1.43518651744167
"CCL2" NA NA NA NA NA NA 1.91982898774173
"KRT6A" NA NA NA NA NA NA 1.67779209437421
"SERPINB4" NA NA NA NA NA NA 1.49472434487722
"CRYAB" NA NA NA NA NA NA 0.352586783219033
"STMN1" 1626.41017575917 6 0 1626.41017575917 6 0 1.7527821054612
"ODC1" 180.034286421377 6 0 180.034286421377 6 0 0.608421004629122
"SERPINB3" NA NA NA NA NA NA 1.39665593613105
"HIST1H4C" NA NA NA NA NA NA 0.471384746369003
"TMEM45A" 1629.16412164228 6 0 1629.16412164228 6 0 0.613269795802099
"MT2A" 2677.60230179518 6 0 2677.60230179518 6 0 0.923624634987162
"PTTG1" NA NA NA NA NA NA 0.768686612044561
"S100A2" 2258.68101227992 6 0 2258.68101227992 6 0 0.638610313009611
"CLDN4" NA NA NA NA NA NA 1.92235246348336
"KRT10" NA NA NA NA NA NA 0.913752714602336
"AREG" 433.844314722866 6 0 433.844314722866 6 0 0.494003794496544
"CFD" NA NA NA NA NA NA 0.542406150400477
"POSTN" NA NA NA NA NA NA 1.67213151456178
"CSTA" NA NA NA NA NA NA 1.45686903994917
"IFI6" NA NA NA NA NA NA 1.91804192578938
"HLA-DRA" 95.576448550781 6 0 95.576448550781 6 0 0.20927762692318
"HMGB2" 1395.56516163895 6 0 1395.56516163895 6 0 0.613497932596477
"GJB2" NA NA NA NA NA NA 0.328712664244243
"PHLDA2" NA NA NA NA NA NA 3.22341817684119
"CA2" NA NA NA NA NA NA 1.82365850801095
"FGFBP1" 0 6 1 0 6 1 1.81118572861984
"CD74" 146.693329433557 6 0 146.693329433557 6 0 0.361835189744242
"KRT1" NA NA NA NA NA NA 2.06815898076115
"CALML3" NA NA NA NA NA NA 0.619126157165659
"IFI27" NA NA NA NA NA NA 2.04831852874628
"DCN" 322.333277363745 6 0 322.333277363745 6 0 0.479427475018717
"CYR61" 1366.03770882407 6 0 1366.03770882407 6 0 0.732275039118656
"SERPINH1" NA NA NA NA NA NA 1.05812599069704
"DMKN" 3465.52447006968 6 0 3465.52447006968 6 0 1.66259846926639
"DSC1" 1706.05409941611 6 0 1706.05409941611 6 0 1.18210058167242
"SLPI" NA NA NA NA NA NA 0.96162713330247
"PMP22" 395.278960526367 6 0 395.278960526367 6 0 0.606191512828229
"GAN" NA NA NA NA NA NA 0.554768468609233
"TUBA1B" NA NA NA NA NA NA 0.283201355850621
"CTSC" 95.3748791880364 6 0 95.3748791880364 6 0 1.07329806794909
"SOD2" NA NA NA NA NA NA 0.48820306005068
"CRABP2" NA NA NA NA NA NA 1.78206071732336
"ZFAND2A" NA NA NA NA NA NA 0.649802159218925
"S100A4" NA NA NA NA NA NA 0.215145736199388
"DUSP2" NA NA NA NA NA NA 0.482342424540363
"LYPD3" NA NA NA NA NA NA 1.59230527579373
"CST3" NA NA NA NA NA NA 1.29484423968693
"SERPINB2" 233.550359310399 6 0 233.550359310399 6 0 3.53913274447197
"AKR1B10" 313.592343592611 6 0 313.592343592611 6 0 1.77940002787993
"DDIT4" NA NA NA NA NA NA 0.362388856984788
"ID4" 485.819526623832 6 0 485.819526623832 6 0 0.867025110922933
"GSN" NA NA NA NA NA NA 0.566720599447492
"LY6D" NA NA NA NA NA NA 2.65844678999318
"S100A6" 1254.55437455958 6 0 1254.55437455958 6 0 0.576983791866237
"CXCL14" 950.584384712076 6 0 950.584384712076 6 0 0.34580024911396
"NDUFA4L2" 490.262597339913 6 0 490.262597339913 6 0 1.12195412154582
"TNFAIP3" 118.5569671559 6 0 118.5569671559 6 0 0.71998860320161
"ANKRD37" NA NA NA NA NA NA 1.20233034978434
"SOX4" 574.180751000351 6 0 574.180751000351 6 0 1.61423719395075
"SERPINB13" NA NA NA NA NA NA 1.55773935364069
"KPNA2" 331.808857154314 6 0 331.808857154314 6 0 0.409816690645283
"TSC22D1" 140.474332535537 6 0 140.474332535537 6 0 0.270134467718162
"GJB6" 539.545646234154 6 0 539.545646234154 6 0 1.5073343700797
"TUBB" 733.543128359775 6 0 733.543128359775 6 0 0.449299622684848
"KRT5" 1824.87883116699 6 0 1824.87883116699 6 0 0.686088823883639
"LGALSL" 815.862760403225 6 0 815.862760403225 6 0 2.35031990645481
"TIMP1" 1001.4537501309 6 0 1001.4537501309 6 0 0.930079140272226
"MT1G" NA NA NA NA NA NA 1.67188182976128
"KRT14" 2028.58277285379 6 0 2028.58277285379 6 0 0.41990187555547
"TXN" NA NA NA NA NA NA 0.751190580434117
"MSMO1" 678.282736860839 6 0 678.282736860839 6 0 0.525315573321722
"HSPH1" 478.174934509998 6 0 478.174934509998 6 0 0.589227949296801
"PCNA" 884.694070232826 6 0 884.694070232826 6 0 0.588222476136139
"SYT8" NA NA NA NA NA NA 2.96342855609933
"CASP14" NA NA NA NA NA NA 6.37516990588892
"PLAU" NA NA NA NA NA NA 1.06309668796416
"DSC2" 80.8074577315573 6 2.44249065417534e-15 80.8074577315573 6 2.44249065417534e-15 0.764222618165303
"NCOA7" 302.826037372177 6 0 302.826037372177 6 0 0.557296059128259
"CD55" NA NA NA NA NA NA 1.32681067068309
"DST" NA NA NA NA NA NA 1.08447129431481
"MT1X" 767.971558194261 6 0 767.971558194261 6 0 0.786967068136641
"SFRP1" 752.978187774167 6 0 752.978187774167 6 0 1.80696033580302
"ADIRF" 256.171474357599 6 0 256.171474357599 6 0 0.847517703755132
"COL17A1" NA NA NA NA NA NA 1.52862982986322
"APOE" NA NA NA NA NA NA 0.568758053869852
"CKS1B" 778.793380771502 6 0 778.793380771502 6 0 0.640619098956407
"METRNL" 1057.5909563998 6 0 1057.5909563998 6 0 3.1259977979915
"HMGN2" NA NA NA NA NA NA 0.398106312783996
"TNFRSF12A" 460.833770636046 6 0 460.833770636046 6 0 0.651582426634347
"C12orf75" 398.391648342533 6 0 398.391648342533 6 0 0.613551365842571
"MX1" 75.5250290444882 6 2.99760216648792e-14 75.5250290444882 6 2.99760216648792e-14 1.06060094538963
"TACSTD2" NA NA NA NA NA NA 2.03460433760895
"GADD45B" 234.447730403156 6 0 234.447730403156 6 0 0.266135517246942
"SQLE" 754.189745600039 6 0 754.189745600039 6 0 0.896884992360887
"SMC4" NA NA NA NA NA NA 0.795757277962143
"ID1" NA NA NA NA NA NA 0.115478220075893
"HES1" NA NA NA NA NA NA 0.545017113599117
"TYMP" NA NA NA NA NA NA 0.98805629156383
"GLTP" NA NA NA NA NA NA 1.39402591901563
"HBEGF" NA NA NA NA NA NA 1.06271056159042
"IFITM3" 927.634097565127 6 0 927.634097565127 6 0 0.579717018509539
"RECQL" NA NA NA NA NA NA 0.310650142491637
"HSP90AA1" 0 6 1 0 6 1 0.261421870572705
"ASS1" NA NA NA NA NA NA 2.26078491524505
"MTRNR2L8" NA NA NA NA NA NA 0.161123129840161
"DUT" 468.892144516052 6 0 468.892144516052 6 0 0.43581639020499
"SERPINB1" 0 6 1 0 6 1 0.801122201085271
"RPS4Y1" NA NA NA NA NA NA 0.313841587089986
"RND3" NA NA NA NA NA NA 0.535459340278068
"H2AFZ" NA NA NA NA NA NA 0.229166653137173
"RNF144B" 151.910536881112 6 0 151.910536881112 6 0 1.80541814592106
"GADD45A" 129.536012618209 6 0 129.536012618209 6 0 0.499640420062614
"ARL6IP1" NA NA NA NA NA NA 0.282505731677327
"IFITM2" NA NA NA NA NA NA 0.781388125252226
"CSTB" 313.839757206557 6 0 313.839757206557 6 0 0.417626769863583
"HSPA1B" 197.271836732709 6 0 197.271836732709 6 0 0.304417821202392
"KCNK7" NA NA NA NA NA NA 1.72491991295017
"NDRG1" NA NA NA NA NA NA 1.4142943970067
"SDR16C5" NA NA NA NA NA NA 0.988735641416113
"NEAT1" NA NA NA NA NA NA 0.875744616170174
"HSPA1A" 0 6 1 0 6 1 0.308541706600185
"KLK11" NA NA NA NA NA NA 3.3720855385714
"KLF2" NA NA NA NA NA NA 1.21240161180969
"MCM7" NA NA NA NA NA NA 0.867852525365618
"SGK1" 125.756560892383 6 0 125.756560892383 6 0 0.3413670228674
"TPPP3" NA NA NA NA NA NA 5.1325359543236
"UBR4" NA NA NA NA NA NA 2.0338679496309
"ID3" NA NA NA NA NA NA 0.108195769847402
"PDZK1IP1" 426.723130025112 6 0 426.723130025112 6 0 1.75458930035169
"ITGA6" NA NA NA NA NA NA 1.32436310370557
"LAMB3" NA NA NA NA NA NA 1.29849744869986
"S100A10" NA NA NA NA NA NA 0.43798210009411
"GGH" NA NA NA NA NA NA 0.883027884953054
"ITPKC" NA NA NA NA NA NA 1.66085246836169
"CTNNBIP1" NA NA NA NA NA NA 0.929001733325194
"LY6E" 412.378903804748 6 0 412.378903804748 6 0 0.422835921260033
"SFN" NA NA NA NA NA NA 0.927801615797995
"HIST1H1C" 238.808218610609 6 0 238.808218610609 6 0 1.00422789085533
"EGR1" NA NA NA NA NA NA 0.243249529029114
"LGALS7B" NA NA NA NA NA NA 1.60423593595548
"TXNIP" NA NA NA NA NA NA 0.553478362254369
"CKS2" 225.341297668633 6 0 225.341297668633 6 0 0.705947206553437
"AQP3" 178.815532866615 6 0 178.815532866615 6 0 1.04163554808952
"NMU" NA NA NA NA NA NA 4.05759241477931
"CHP2" NA NA NA NA NA NA 2.93371142042635
"TNFSF10" NA NA NA NA NA NA 0.297912302475902
"TMSB10" 0 6 1 0 6 1 0.200056628920329
"DBI" NA NA NA NA NA NA 1.65527088850751
"MAL2" 929.567872620051 6 0 929.567872620051 6 0 3.02290252014127
"S100A11" NA NA NA NA NA NA 0.607785671280873
"LRRC75A" NA NA NA NA NA NA 0.113334646315605
"TUBA4A" 784.907212974785 6 0 784.907212974785 6 0 1.41389944878778
"HMGCS1" NA NA NA NA NA NA 0.868017594752071
"CEBPD" 119.955767858253 6 0 119.955767858253 6 0 0.272142580000748
"ELOVL1" NA NA NA NA NA NA 1.40974423128341
"AVPI1" NA NA NA NA NA NA 0.383209693004164
"CLDN1" 1738.92656751057 6 0 1738.92656751057 6 0 0.652190139587745
"RHOV" 753.61991562511 6 0 753.61991562511 6 0 2.12600282806677
"OVOL1" NA NA NA NA NA NA 1.71236372806326
"UAP1" NA NA NA NA NA NA 0.179913922144324
"ATF3" NA NA NA NA NA NA 0.237993805173193
"BMP2" NA NA NA NA NA NA 1.73112656377297
"TMEM40" 729.503546168684 6 0 729.503546168684 6 0 4.30690503084333
"LURAP1L" NA NA NA NA NA NA 0.522496756223509
"C1R" NA NA NA NA NA NA 0.805410334863804
"DNAJA4" NA NA NA NA NA NA 0.952198149927206
"SAT1" 216.272322471542 6 0 216.272322471542 6 0 0.679301664091151
"IRF1" 216.258945548768 6 0 216.258945548768 6 0 0.39299904206384
"THBD" NA NA NA NA NA NA 2.27590732743287
"WNT4" 1019.50667998711 6 0 1019.50667998711 6 0 2.62413566123195
"IER3" 83.2055007298511 6 7.7715611723761e-16 83.2055007298511 6 7.7715611723761e-16 0.0985000883332487
"FTH1" NA NA NA NA NA NA 0.575017593816641
"CTNNAL1" 408.604584322815 6 0 408.604584322815 6 0 2.00819941685269
"GSTP1" 350.907007727435 6 0 350.907007727435 6 0 0.560007032295944
"PRSS3" NA NA NA NA NA NA 3.07120822116714
"VMP1" NA NA NA NA NA NA 0.369283739821639
"ZFP36" 58.7326032521252 6 8.13957790057884e-11 58.7326032521252 6 8.13957790057884e-11 0.363401728005333
"CLEC2A" NA NA NA NA NA NA 2.9695603905535
"PIK3R1" NA NA NA NA NA NA 1.6953253183056
"TXNDC17" 316.936578908302 6 0 316.936578908302 6 0 0.507334514297312
"LDHB" 152.764973685162 6 0 152.764973685162 6 0 1.4511336143566
"HMGB1" 369.891654190857 6 0 369.891654190857 6 0 0.190878156950295
"MT1E" NA NA NA NA NA NA 0.928646688456916
"TUBA1A" NA NA NA NA NA NA 0.588966111163294
"SLC2A1" NA NA NA NA NA NA 2.47693848415917
"CAV1" NA NA NA NA NA NA 0.749919960668875
"DNMT1" 540.52707976252 6 0 540.52707976252 6 0 0.507789053418008
"EGLN3" 247.509469087016 6 0 247.509469087016 6 0 0.5272042594056
"ALDH3A1" NA NA NA NA NA NA 0.539544161067184
"BTG2" NA NA NA NA NA NA 0.230928050733266
"EPPK1" 468.98621171087 6 0 468.98621171087 6 0 1.33333034807894
"DSG1" 1177.5355497898 6 0 1177.5355497898 6 0 2.51684163987879
"DUSP1" NA NA NA NA NA NA 0.491272546979245
"CALD1" 21.0261946370185 6 0.00181483993954457 21.0261946370185 6 0.00181483993954457 1.32696131640925
"IDI1" NA NA NA NA NA NA 0.549697447602434
"CAVIN3" NA NA NA NA NA NA 0.827441776073582
"PPIF" 114.267486179191 6 0 114.267486179191 6 0 0.893749531116647
"VKORC1" NA NA NA NA NA NA 0.950468465919571
"RAB25" NA NA NA NA NA NA 0.896087300461237
"EIF4A3" 95.7309064139231 6 0 95.7309064139231 6 0 0.470404638837555
"JUN" 154.910632457897 6 0 154.910632457897 6 0 0.144315567381138
"BBOX1" NA NA NA NA NA NA 1.55810283297693
"DNAJB1" 88.9960937452327 6 0 88.9960937452327 6 0 0.470289131346188
"ARID5B" NA NA NA NA NA NA 0.671879764485766
"ANGPTL4" NA NA NA NA NA NA 0.121687527774678
"UBE2S" 198.30032656358 6 0 198.30032656358 6 0 0.305897060311674
"HMGB3" 440.205957582384 6 0 440.205957582384 6 0 0.485711705591709
"LGALS7" 728.993950154085 6 0 728.993950154085 6 0 2.29866725919654
"AC020916.1" 54.9078970990113 6 4.83829976083427e-10 54.9078970990113 6 4.83829976083427e-10 0.569200824876431
"TUBB2A" NA NA NA NA NA NA 0.785949009526262
"MIR222HG" NA NA NA NA NA NA 0.930466669887751
"TRIM16" 181.615436528096 6 0 181.615436528096 6 0 1.80132166733524
"FOS" 58.9104517335041 6 7.49065254268544e-11 58.9104517335041 6 7.49065254268544e-11 0.168431398936918
"TUBA1C" NA NA NA NA NA NA 0.913827648074979
"CARHSP1" NA NA NA NA NA NA 0.42106747964488
"PMAIP1" NA NA NA NA NA NA 0.224301265485223
"RRM1" NA NA NA NA NA NA 0.41157766302644
"HSPB1" NA NA NA NA NA NA 0.508429572472647
"DEK" NA NA NA NA NA NA 0.418427517969437
"ERRFI1" 157.948918607964 6 0 157.948918607964 6 0 0.847404739810983
"ZNF750" NA NA NA NA NA NA 1.9123070095156
"DTYMK" NA NA NA NA NA NA 0.641787795210144
"H2AFV" 473.33524283186 6 0 473.33524283186 6 0 0.399973713765259
"FHL2" 300.606193309393 6 0 300.606193309393 6 0 0.435173807966962
"NASP" 465.081248957971 6 0 465.081248957971 6 0 0.41244292868518
"CENPX" 395.687517121301 6 0 395.687517121301 6 0 0.362840367785389
"CHMP1B" NA NA NA NA NA NA 0.714923425195025
"DNAJC9" 518.052113200414 6 0 518.052113200414 6 0 0.519600222156775
"DHCR24" 212.454526980165 6 0 212.454526980165 6 0 0.724926729316505
"ANXA5" NA NA NA NA NA NA 0.419897533175866
"SLC5A3" 98.7741947948517 6 0 98.7741947948517 6 0 0.283618601950213
"CCND2" 466.089384449018 6 0 466.089384449018 6 0 0.933413302556559
"HMGCR" NA NA NA NA NA NA 1.93582669477924
"GGCT" 405.360390134112 6 0 405.360390134112 6 0 0.874144073295012
"DEFB1" 944.366910556998 6 0 944.366910556998 6 0 1.14821176354959
"PERP" 345.908938708484 6 0 345.908938708484 6 0 0.523912016992776
"AL445524.1" 103.291096773905 6 0 103.291096773905 6 0 1.37585479656795
"CCND1" NA NA NA NA NA NA 0.423859942986171
"DDIT3" NA NA NA NA NA NA 0.219533950770874
"CEBPA" 622.469381196434 6 0 622.469381196434 6 0 0.880836835102623
"NIPAL1" NA NA NA NA NA NA 1.18731763327764
"ENO1" 1197.92159704686 6 0 1197.92159704686 6 0 0.578465737567164
"HSPD1" 172.767508300378 6 0 172.767508300378 6 0 0.25044343824764
"MPZL2" NA NA NA NA NA NA 0.778706642801807
"NRARP" NA NA NA NA NA NA 1.07261133904987
"UBB" NA NA NA NA NA NA 0.151645830119973
"CAPN2" 224.83614913633 6 0 224.83614913633 6 0 0.649001003133644
"BAG3" 58.1627261651912 6 1.06210928940698e-10 58.1627261651912 6 1.06210928940698e-10 0.604334111319183
"KCNQ1OT1" 71.9928891740146 6 1.59428026336172e-13 71.9928891740146 6 1.59428026336172e-13 0.601534662617376
"NECTIN4" NA NA NA NA NA NA 2.6700475604349
"LGALS3" NA NA NA NA NA NA 0.705124079378539
"IER5" 94.6452073874829 6 0 94.6452073874829 6 0 0.206004231885801
"SOX7" NA NA NA NA NA NA 0.432335386593539
"DNAJB4" NA NA NA NA NA NA 0.378729308644124
"TUBB4B" 342.574857368371 6 0 342.574857368371 6 0 0.762308155030266
"ACTB" NA NA NA NA NA NA 0.21126042778121
"GAPDH" NA NA NA NA NA NA 0.148785514709384
"CITED2" NA NA NA NA NA NA 0.268343078350622
"SOCS3" 113.571206286655 6 0 113.571206286655 6 0 0.216305274607835
"NTRK2" NA NA NA NA NA NA 1.63729401961452
"NFKBIA" 180.414736485407 6 0 180.414736485407 6 0 0.153892266309779
"SDCBP2" 297.682556671474 6 0 297.682556671474 6 0 1.88065848254508
"SH3BGRL3" NA NA NA NA NA NA 0.947555239181917
"GLUL" NA NA NA NA NA NA 0.60503294437268
"RAD21" 2239.40762411635 6 0 2239.40762411635 6 0 0.461939210762575
"CMTM6" NA NA NA NA NA NA 0.339025314341363
"ITGB1" NA NA NA NA NA NA 0.939301863200962
"HERPUD1" 294.277303224009 6 0 294.277303224009 6 0 0.499301502943721
"VSNL1" NA NA NA NA NA NA 0.411457056478977
"CACNB4" 558.130258884347 6 0 558.130258884347 6 0 0.456738629491116
"TKT" NA NA NA NA NA NA 0.271436107643488
"MYADM" NA NA NA NA NA NA 0.616478252740294
"CITED4" 79.6988328121978 6 4.10782519111308e-15 79.6988328121978 6 4.10782519111308e-15 0.419514098915366
"TENT5A" NA NA NA NA NA NA 1.54156148775466
"GSTM3" 272.390492385348 6 0 272.390492385348 6 0 0.687078258975135
"MRPS6" NA NA NA NA NA NA 0.385327772675424
"ITGB4" 673.777160234244 6 0 673.777160234244 6 0 1.2938809678779
"BHLHE40" 40.8370898169315 6 3.11769912331172e-07 40.8370898169315 6 3.11769912331172e-07 0.198083075160256
"SDC1" NA NA NA NA NA NA 0.572624533104781
"KLF11" 33.9974095623237 6 6.73515149329784e-06 33.9974095623237 6 6.73515149329784e-06 0.585614955764927
"EPHA2" NA NA NA NA NA NA 1.22223266758542
"PSMB9" NA NA NA NA NA NA 0.666677697973588
"PSIP1" 228.404159875665 6 0 228.404159875665 6 0 0.882707306976274
"MYC" 211.170269508455 6 0 211.170269508455 6 0 0.543865622223475
"RAP2B" NA NA NA NA NA NA 1.07926952900285
"NUDT8" NA NA NA NA NA NA 1.08198465250504
"EIF4EBP1" 219.13610900287 6 0 219.13610900287 6 0 1.7488794848793
"KLF6" 87.9254719821802 6 1.11022302462516e-16 87.9254719821802 6 1.11022302462516e-16 0.414944083756542
"CLEC2B" 145.444704895148 6 0 145.444704895148 6 0 1.69220720132823
"DKK3" 441.289191973753 6 0 441.289191973753 6 0 2.25660514687873
"NR4A2" NA NA NA NA NA NA 0.437094747676347
"WDR66" NA NA NA NA NA NA 0.293944741490026
"HSPA5" 112.214432866012 6 0 112.214432866012 6 0 0.529318698359886
"CCL27" NA NA NA NA NA NA 1.26357440934473
"FOXQ1" NA NA NA NA NA NA 1.27769305755436
"NR4A1" NA NA NA NA NA NA 0.151910205953446
"CEBPB" 52.610333503221 6 1.4055717700856e-09 52.610333503221 6 1.4055717700856e-09 0.283359533141608
"IER5L" 14.3853753470405 6 0.0256153865593172 14.3853753470405 6 0.0256153865593172 0.128332059949907
"RPS26" 34.3957693628731 6 5.64124355095785e-06 34.3957693628731 6 5.64124355095785e-06 0.410421518970927
"PLSCR1" NA NA NA NA NA NA 0.275521756660946
"NUCKS1" 385.930233526406 6 0 385.930233526406 6 0 0.37686792239178
"LSP1" NA NA NA NA NA NA 3.81461177535366
"ARHGDIB" 21.1978669987866 6 0.00169030065339326 21.1978669987866 6 0.00169030065339326 0.120778652949593
"ARL5B" NA NA NA NA NA NA 0.655315663540727
"RHOD" NA NA NA NA NA NA 1.22577937974863
"EFNA1" 1.77502095973821 6 0.939183850671229 1.77502095973821 6 0.939183850671229 0.0217112001976142
"CSRP2" 127.70332949383 6 0 127.70332949383 6 0 0.693419551692769
"TMEM54" NA NA NA NA NA NA 0.649407770642087
"H2AFX" 136.570662844184 6 0 136.570662844184 6 0 0.310233399788633
"PDLIM2" 207.941043308522 6 0 207.941043308522 6 0 0.581045076392363
"CHCHD10" 46.7829014818532 6 2.06726737950191e-08 46.7829014818532 6 2.06726737950191e-08 0.280881210306498
"LGALS3BP" NA NA NA NA NA NA 0.523633378677199
"DAPL1" 284.80892487246 6 0 284.80892487246 6 0 0.282465653777433
"TMEM106C" 359.692627153949 6 0 359.692627153949 6 0 0.864107639323794
"RORA" NA NA NA NA NA NA 2.02618459153355
"FDPS" 338.748364681026 6 0 338.748364681026 6 0 0.737829142178708
"RNF19A" NA NA NA NA NA NA 0.311243394634055
"TRIB1" NA NA NA NA NA NA 0.253141789737196
"LAMTOR4" 462.64334928199 6 0 462.64334928199 6 0 0.548379780844651
"TUBB6" 283.323903630054 6 0 283.323903630054 6 0 1.38660125470256
"DSP" 520.075951717979 6 0 520.075951717979 6 0 0.555428300870393
"EGR3" NA NA NA NA NA NA 0.478247486179004
"GATB" 50.7274279215467 6 3.3595922710461e-09 50.7274279215467 6 3.3595922710461e-09 1.49501482377247
"XIST" NA NA NA NA NA NA 0.211371989057351
"DSG3" NA NA NA NA NA NA 0.445044145717411
"EXOC3" 71.5703209617074 6 1.94733118519252e-13 71.5703209617074 6 1.94733118519252e-13 1.3726451595822
"RANBP1" NA NA NA NA NA NA 0.326989782419918
"TGIF1" NA NA NA NA NA NA 0.27519347682649
"PIM3" 64.4202481426689 6 5.66535707235971e-12 64.4202481426689 6 5.66535707235971e-12 0.281180354160131
"SKA2" NA NA NA NA NA NA 0.622965140768879
"ANP32E" NA NA NA NA NA NA 0.345793342821168
"BCL10" NA NA NA NA NA NA 1.16090189265763
"CSNK2A2" 87.8566628453813 6 1.11022302462516e-16 87.8566628453813 6 1.11022302462516e-16 0.314398345363892
"ACAT2" NA NA NA NA NA NA 0.591459005624082
"ANXA1" NA NA NA NA NA NA 0.408583233287551
"RPA3" 423.897731301278 6 0 423.897731301278 6 0 0.549139962106895
"WNT3" 713.552720319224 6 0 713.552720319224 6 0 1.34982028245182
"PMEPA1" NA NA NA NA NA NA 0.340964818071759
"CD59" NA NA NA NA NA NA 0.548776928264612
"PALLD" NA NA NA NA NA NA 0.815499169900116
"TSHZ2" 148.90377715609 6 0 148.90377715609 6 0 0.329628132719211
"EMP2" NA NA NA NA NA NA 0.525932976078506
"SERPINB5" NA NA NA NA NA NA 1.53511105461815
"GJA1" 334.238876640205 6 0 334.238876640205 6 0 0.669523320066554
"SERPINB6" 282.809691439463 6 0 282.809691439463 6 0 1.27384730067207
"DUSP5" 41.0977038173848 6 2.77012614513517e-07 41.0977038173848 6 2.77012614513517e-07 0.538391104367167
"KIF22" 310.293463403186 6 0 310.293463403186 6 0 0.449660744864237
"SUB1" 84.5199120083684 6 4.44089209850063e-16 84.5199120083684 6 4.44089209850063e-16 0.507864681443139
"CDCA4" NA NA NA NA NA NA 0.522383710574415
"SLC7A1" NA NA NA NA NA NA 0.717276573009549
"ACTN1" NA NA NA NA NA NA 0.93979790266529
"DNAJA1" NA NA NA NA NA NA 0.316797451139314
"NFIL3" NA NA NA NA NA NA 0.537980764398928
"ID2" NA NA NA NA NA NA 0.498982347973147
"MIS18BP1" 250.016815174538 6 0 250.016815174538 6 0 0.519712125655348
"SNAI2" NA NA NA NA NA NA 0.36756898298699
"MAFF" NA NA NA NA NA NA 0.296615324301618
"COL7A1" 548.750062651708 6 0 548.750062651708 6 0 1.33498028014836
"S100A16" 448.426842403022 6 0 448.426842403022 6 0 0.998728981099158
"RAB11A" 348.412969205456 6 0 348.412969205456 6 0 0.938381074025958
"TGFBI" 397.321450146865 6 0 397.321450146865 6 0 1.5574542150423
"CALM2" NA NA NA NA NA NA 0.237049305037556
"MSN" 186.719251940062 6 0 186.719251940062 6 0 0.335876050052607
"EHF" 85.0611274426817 6 3.33066907387547e-16 85.0611274426817 6 3.33066907387547e-16 1.15397866014096
"IL1RN" 183.256261754104 6 0 183.256261754104 6 0 1.26349183707469
"JUP" 519.835088257968 6 0 519.835088257968 6 0 1.44469724807116
"LDLR" NA NA NA NA NA NA 0.794421574315823
"PLIN2" 174.23626985562 6 0 174.23626985562 6 0 0.380494874362595
"TNFAIP8" 101.794872770202 6 0 101.794872770202 6 0 0.88131411391072
"PLEK2" 505.085489173593 6 0 505.085489173593 6 0 0.42497478429127
"SLBP" 247.870552179789 6 0 247.870552179789 6 0 0.450575650263536
"IFFO2" NA NA NA NA NA NA 0.585672732454937
"FRMD4B" NA NA NA NA NA NA 0.275568352040621
"BEX3" NA NA NA NA NA NA 0.692048772226675
"ETHE1" 157.171208255234 6 0 157.171208255234 6 0 0.286945958127868
"CAVIN1" NA NA NA NA NA NA 0.622669526319003
"SLC20A1" 232.871783534924 6 0 232.871783534924 6 0 0.925056492042222
"IDH2" 251.746339523515 6 0 251.746339523515 6 0 0.633554437296458
"SH3PXD2A" 441.839489590582 6 0 441.839489590582 6 0 0.638964447853648
"PSME2" 203.672950375177 6 0 203.672950375177 6 0 0.627301267517642
"ITGA2" NA NA NA NA NA NA 0.99451231657189
"CDKN2D" NA NA NA NA NA NA 0.554277564560043
"GPBP1" NA NA NA NA NA NA 0.18012663609723
"JPT1" NA NA NA NA NA NA 0.618288185962986
"ARHGAP29" 168.466956029142 6 0 168.466956029142 6 0 0.405476999530311
"DNAJB6" NA NA NA NA NA NA 0.787011030624831
"NUCB2" NA NA NA NA NA NA 0.464553697645639
"UBALD2" NA NA NA NA NA NA 0.133063216254234
"PIM1" NA NA NA NA NA NA 1.40234777534632
"GPSM2" 403.021218139695 6 0 403.021218139695 6 0 0.766948422274924
"CYB5A" 815.905456507532 6 0 815.905456507532 6 0 1.17196184043305
"PYCARD" 182.379154492468 6 0 182.379154492468 6 0 0.664157554949807
"TSC22D3" NA NA NA NA NA NA 0.617561360140874
"GSTA4" NA NA NA NA NA NA 0.67404587647426
"XBP1" NA NA NA NA NA NA 0.481922022844682
"BBC3" NA NA NA NA NA NA 0.93647030626408
"DYNLL1" 445.101974563909 6 0 445.101974563909 6 0 0.623419124978735
"ITGA3" NA NA NA NA NA NA 0.905975041542205
"BUB3" NA NA NA NA NA NA 0.419038168454775
"HSP90B1" 125.250861558549 6 0 125.250861558549 6 0 0.15270807929821
"CHORDC1" 48.4778745995679 6 9.48323819471852e-09 48.4778745995679 6 9.48323819471852e-09 0.358635183706912
"EPHB6" NA NA NA NA NA NA 0.482587744372642
"KLF3" NA NA NA NA NA NA 1.2697679445516
"GNA15" NA NA NA NA NA NA 1.36962379315176
"CRNDE" 324.481855120148 6 0 324.481855120148 6 0 0.966490666166804
"NUDT1" 355.694575563256 6 0 355.694575563256 6 0 0.437251730237884
"C19orf48" 228.516194621388 6 0 228.516194621388 6 0 0.497612012900709
"CD47" 0 6 1 0 6 1 0.690848397305853
"UGCG" 206.653869843419 6 0 206.653869843419 6 0 0.634775033224348
"PTMA" 143.25750683805 6 0 143.25750683805 6 0 0.147124318010763
"FXYD5" 200.170031656071 6 0 200.170031656071 6 0 0.455754133139835
"IRX2" 251.041246186396 6 0 251.041246186396 6 0 0.769295747292544
"PNP" 89.7122308701628 6 0 89.7122308701628 6 0 1.14192912193335
"SPTSSA" NA NA NA NA NA NA 0.302628678961799
"TPBG" NA NA NA NA NA NA 0.226743261258821
"LYAR" NA NA NA NA NA NA 1.01306736258772
"FDFT1" 179.397292003736 6 0 179.397292003736 6 0 0.527019825108487
"TNS4" 228.481960413314 6 0 228.481960413314 6 0 0.548488755164816
"CTSB" NA NA NA NA NA NA 0.224640005102287
"HIGD1A" NA NA NA NA NA NA 1.24589849475894
"TCEAL9" NA NA NA NA NA NA 0.636148264762619
"CDC42EP4" 39.6217477621632 6 5.40504171642198e-07 39.6217477621632 6 5.40504171642198e-07 0.26367352081077
"REL" NA NA NA NA NA NA 0.19018309469281
"NAMPT" 52.4988566873245 6 1.48008749700779e-09 52.4988566873245 6 1.48008749700779e-09 0.165345954029737
"S100A13" 317.176435000839 6 0 317.176435000839 6 0 0.545256208589895
"DUOXA1" NA NA NA NA NA NA 1.48361332228745
"PPP1R15A" NA NA NA NA NA NA 0.268160928672039
"TMEM79" 445.757813357073 6 0 445.757813357073 6 0 3.23334454605921
"LIMA1" 0 6 1 0 6 1 0.527840705171336
"CLCA2" 238.201794834897 6 0 238.201794834897 6 0 1.35290701435612
"PYGL" 149.444438886838 6 0 149.444438886838 6 0 1.4374141762883
"SLC25A5" NA NA NA NA NA NA 0.454450955691762
"LMNA" NA NA NA NA NA NA 0.555239824464202
"TRIM47" 212.365987221455 6 0 212.365987221455 6 0 0.725696339595424
"SLC39A6" 138.157936850175 6 0 138.157936850175 6 0 1.01119890749413
"EFNB2" 87.1179323453026 6 1.11022302462516e-16 87.1179323453026 6 1.11022302462516e-16 0.504211670562372
"GATA3" 94.4012376093286 6 0 94.4012376093286 6 0 0.185406104430179
"UBC" 57.6321476169492 6 1.36049616017431e-10 57.6321476169492 6 1.36049616017431e-10 0.278457592212724
"COL18A1" NA NA NA NA NA NA 1.43720320724534
"PAFAH1B3" 0 6 1 0 6 1 0.922703935010677
"MTRNR2L12" NA NA NA NA NA NA 0.0962256220242152
"ZC3H12A" 12.5473316810901 6 0.0508148193135513 12.5473316810901 6 0.0508148193135513 1.2978668819273
"CALM3" NA NA NA NA NA NA 0.331287230583918
"IFI16" 199.491869483515 6 0 199.491869483515 6 0 0.262697712265804
"PCDH7" NA NA NA NA NA NA 0.846878022473602
"SRPK1" NA NA NA NA NA NA 0.554683910872328
"PLIN3" NA NA NA NA NA NA 1.18894472629355
"UBE2L6" 26.3651671214517 6 0.00019033171622107 26.3651671214517 6 0.00019033171622107 0.631796315676851
